$ 0 0.00009999999999999999 382.76258214399064 50 5 43 5e-11
w 3744 3600 3952 3600 0
w 3744 3568 3936 3568 0
w 3744 3536 3920 3536 0
w 3744 3504 3904 3504 0
d 3696 3504 3744 3504 2 default
d 3696 3536 3744 3536 2 default
d 3696 3568 3744 3568 2 default
d 3696 3600 3744 3600 2 default
w 3200 3600 3200 3760 0
w 3600 3600 3200 3600 0
w 3184 3568 3600 3568 0
w 3184 3712 3184 3568 0
w 3168 3536 3168 3664 0
w 3600 3536 3168 3536 0
w 3152 3504 3600 3504 0
w 3152 3616 3152 3504 0
w 2736 3600 2464 3600 0
w 2800 3648 2480 3648 0
w 2736 3696 2496 3696 0
w 2800 3744 2512 3744 0
w 2736 3632 2656 3632 0
w 2800 3680 2672 3680 0
w 2736 3728 2688 3728 0
w 2800 3776 2704 3776 0
w 2816 3616 3152 3616 0
w 2880 3664 3168 3664 0
w 2816 3712 3184 3712 0
w 2880 3760 3200 3760 0
154 2736 3616 2816 3616 0 2 0 5
154 2800 3664 2880 3664 0 2 0 5
154 2736 3712 2816 3712 0 2 0 5
154 2800 3760 2880 3760 0 2 0 5
w 3296 3664 3296 3024 0
w 3520 3664 3296 3664 0
w 3600 3632 3600 3664 0
d 3552 3664 3520 3664 2 default
422 3600 3664 3552 3664 0 0 2.5 5
w 3344 3648 3376 3648 0
w 3344 1936 3344 3648 0
w 3360 3616 3376 3616 0
w 3360 2976 3360 3616 0
w 3456 3632 3600 3632 0
150 3376 3632 3456 3632 0 2 0 5
154 2800 3568 2880 3568 0 2 0 5
154 2736 3520 2816 3520 0 2 0 5
154 2800 3472 2880 3472 0 2 0 5
154 2736 3424 2816 3424 0 2 0 5
154 2800 3376 2880 3376 0 2 0 5
154 2736 3328 2816 3328 0 2 0 5
154 2800 3280 2880 3280 0 2 0 5
154 2736 3232 2816 3232 0 2 0 5
w 2640 2944 2640 3584 0
w 2624 3536 2624 2896 0
w 2608 2848 2608 3488 0
w 2592 3440 2592 2800 0
w 2576 2752 2576 3392 0
w 2560 3344 2560 2704 0
w 2544 2656 2544 3296 0
w 2528 3248 2528 2608 0
w 2448 3552 2448 2912 0
w 2432 2864 2432 3504 0
w 2416 3456 2416 2816 0
w 2400 2768 2400 3408 0
w 2384 3360 2384 2720 0
w 2368 2672 2368 3312 0
w 2352 3264 2352 2624 0
w 2336 2576 2336 3216 0
w 3136 3472 3136 3568 0
w 2880 3568 3136 3568 0
w 2816 3520 3120 3520 0
w 3120 3440 3120 3520 0
w 3104 3472 3104 3408 0
w 2880 3472 3104 3472 0
w 3088 3424 3088 3376 0
w 2816 3424 3088 3424 0
w 3072 3376 3072 3344 0
w 2880 3376 3072 3376 0
w 3088 3328 3088 3312 0
w 2816 3328 3088 3328 0
w 2816 3232 3120 3232 0
w 3120 3248 3120 3232 0
w 2800 3584 2640 3584 0
w 2736 3536 2624 3536 0
w 2800 3488 2608 3488 0
w 2736 3440 2592 3440 0
w 2800 3392 2576 3392 0
w 2736 3344 2560 3344 0
w 2800 3296 2544 3296 0
w 2736 3248 2528 3248 0
w 2800 3552 2448 3552 0
w 2736 3504 2432 3504 0
w 2800 3456 2416 3456 0
w 2736 3408 2400 3408 0
w 2800 3360 2384 3360 0
w 2736 3312 2368 3312 0
w 2800 3264 2352 3264 0
w 2736 3216 2336 3216 0
d 3696 3472 3744 3472 2 default
d 3696 3440 3744 3440 2 default
d 3696 3408 3744 3408 2 default
d 3696 3376 3744 3376 2 default
d 3696 3344 3744 3344 2 default
d 3696 3312 3744 3312 2 default
d 3696 3280 3744 3280 2 default
d 3696 3248 3744 3248 2 default
! Enable\s12bit 0 I0,I1,I2,I3,I4,I5,I6,I7,I8,I9,I10,I11,En O0,O1,O2,O3,O4,O5,O6,O7,O8,O9,O10,O11 Enable\s12bit ABCDEFGHIJKL1\s\qABCDEFGHIJKL\n????????????0\q000000000000\n
208 3600 3248 3664 3248 0 Enable\s12bit 0 0 0 0 0 0 0 0 0 0 0 0
w 3744 3472 3888 3472 0
w 3744 3440 3872 3440 0
w 3744 3408 3856 3408 0
w 3744 3376 3840 3376 0
w 3744 3344 3824 3344 0
w 3744 3312 3808 3312 0
w 3744 3280 3792 3280 0
w 3744 3248 3776 3248 0
w 3136 3472 3600 3472 0
w 3600 3440 3120 3440 0
w 3104 3408 3600 3408 0
w 3088 3376 3600 3376 0
w 3072 3344 3600 3344 0
w 3088 3312 3600 3312 0
w 2880 3280 3600 3280 0
w 3120 3248 3600 3248 0
w 3904 2224 3904 2864 0
w 3920 2896 3920 2256 0
w 3936 2288 3936 2928 0
w 3952 2960 3952 2320 0
w 3744 2960 3952 2960 0
w 3744 2928 3936 2928 0
w 3744 2896 3920 2896 0
w 3744 2864 3904 2864 0
d 3696 2864 3744 2864 2 default
d 3696 2896 3744 2896 2 default
d 3696 2928 3744 2928 2 default
d 3696 2960 3744 2960 2 default
w 3200 2960 3200 3120 0
w 3600 2960 3200 2960 0
w 3184 2928 3600 2928 0
w 3184 3072 3184 2928 0
w 3168 2896 3168 3024 0
w 3600 2896 3168 2896 0
w 3152 2864 3600 2864 0
w 3152 2976 3152 2864 0
w 2736 2960 2464 2960 0
w 2800 3008 2480 3008 0
w 2736 3056 2496 3056 0
w 2800 3104 2512 3104 0
w 2736 2992 2656 2992 0
w 2800 3040 2672 3040 0
w 2736 3088 2688 3088 0
w 2800 3136 2704 3136 0
w 2816 2976 3152 2976 0
w 2880 3024 3168 3024 0
w 2816 3072 3184 3072 0
w 2880 3120 3200 3120 0
w 3296 3024 3296 2384 0
w 3520 3024 3296 3024 0
w 3600 2992 3600 3024 0
d 3552 3024 3520 3024 2 default
422 3600 3024 3552 3024 0 0 2.5 5
w 3328 3008 3376 3008 0
w 3328 1920 3328 3008 0
w 3360 2976 3376 2976 0
w 3360 2336 3360 2976 0
w 3456 2992 3600 2992 0
150 3376 2992 3456 2992 0 2 0 5
w 2640 2304 2640 2944 0
w 2624 2896 2624 2256 0
w 2608 2208 2608 2848 0
w 2592 2800 2592 2160 0
w 2576 2112 2576 2752 0
w 2560 2704 2560 2064 0
w 2544 2016 2544 2656 0
w 2528 2608 2528 1968 0
w 2448 2912 2448 2272 0
w 2432 2224 2432 2864 0
w 2416 2816 2416 2176 0
w 2400 2128 2400 2768 0
w 2384 2720 2384 2080 0
w 2368 2032 2368 2672 0
w 2352 2624 2352 1984 0
w 2336 1936 2336 2576 0
w 3888 2832 3888 2192 0
w 3872 2160 3872 2800 0
w 3856 2768 3856 2128 0
w 3840 2096 3840 2736 0
w 3824 2704 3824 2064 0
w 3808 2032 3808 2672 0
w 3792 2640 3792 2000 0
w 3776 1968 3776 2608 0
w 3136 2832 3136 2928 0
w 2880 2928 3136 2928 0
w 2816 2880 3120 2880 0
w 3120 2800 3120 2880 0
w 3104 2832 3104 2768 0
w 2880 2832 3104 2832 0
w 3088 2784 3088 2736 0
w 2816 2784 3088 2784 0
w 3072 2736 3072 2704 0
w 2880 2736 3072 2736 0
w 3088 2688 3088 2672 0
w 2816 2688 3088 2688 0
w 2816 2592 3120 2592 0
w 3120 2608 3120 2592 0
w 2800 2944 2640 2944 0
w 2736 2896 2624 2896 0
w 2800 2848 2608 2848 0
w 2736 2800 2592 2800 0
w 2800 2752 2576 2752 0
w 2736 2704 2560 2704 0
w 2800 2656 2544 2656 0
w 2736 2608 2528 2608 0
w 2800 2912 2448 2912 0
w 2736 2864 2432 2864 0
w 2800 2816 2416 2816 0
w 2736 2768 2400 2768 0
w 2800 2720 2384 2720 0
w 2736 2672 2368 2672 0
w 2800 2624 2352 2624 0
w 2736 2576 2336 2576 0
d 3696 2832 3744 2832 2 default
d 3696 2800 3744 2800 2 default
d 3696 2768 3744 2768 2 default
d 3696 2736 3744 2736 2 default
d 3696 2704 3744 2704 2 default
d 3696 2672 3744 2672 2 default
d 3696 2640 3744 2640 2 default
d 3696 2608 3744 2608 2 default
208 3600 2608 3664 2608 0 Enable\s12bit 0 0 0 0 0 0 0 0 0 0 0 0
w 3744 2832 3888 2832 0
w 3744 2800 3872 2800 0
w 3744 2768 3856 2768 0
w 3744 2736 3840 2736 0
w 3744 2704 3824 2704 0
w 3744 2672 3808 2672 0
w 3744 2640 3792 2640 0
w 3744 2608 3776 2608 0
w 3136 2832 3600 2832 0
w 3600 2800 3120 2800 0
w 3104 2768 3600 2768 0
w 3088 2736 3600 2736 0
w 3072 2704 3600 2704 0
w 3088 2672 3600 2672 0
w 2880 2640 3600 2640 0
w 3120 2608 3600 2608 0
w 3904 1632 3904 2224 0
w 3920 2256 3920 1664 0
w 3936 1696 3936 2288 0
w 3952 2320 3952 1728 0
w 3744 2320 3952 2320 0
w 3744 2288 3936 2288 0
w 3744 2256 3920 2256 0
w 3744 2224 3904 2224 0
d 3696 2224 3744 2224 2 default
d 3696 2256 3744 2256 2 default
d 3696 2288 3744 2288 2 default
d 3696 2320 3744 2320 2 default
w 3200 2320 3200 2480 0
w 3600 2320 3200 2320 0
w 3184 2288 3600 2288 0
w 3184 2432 3184 2288 0
w 3168 2256 3168 2384 0
w 3600 2256 3168 2256 0
w 3152 2224 3600 2224 0
w 3152 2336 3152 2224 0
w 2736 2320 2464 2320 0
w 2800 2368 2480 2368 0
w 2736 2416 2496 2416 0
w 2800 2464 2512 2464 0
w 2736 2352 2656 2352 0
w 2800 2400 2672 2400 0
w 2736 2448 2688 2448 0
w 2800 2496 2704 2496 0
w 2816 2336 3152 2336 0
w 2880 2384 3168 2384 0
w 2816 2432 3184 2432 0
w 2880 2480 3200 2480 0
w 3296 2384 3296 1888 0
w 3520 2384 3296 2384 0
w 3600 2352 3600 2384 0
d 3552 2384 3520 2384 2 default
422 3600 2384 3552 2384 0 0 2.5 5
w 3312 2368 3376 2368 0
w 3312 1904 3312 2368 0
w 3360 2336 3376 2336 0
w 3360 1936 3360 2336 0
w 3456 2352 3600 2352 0
150 3376 2352 3456 2352 0 2 0 5
w 2640 1600 2640 2304 0
w 2624 2256 2624 1568 0
w 2592 2160 2592 1504 0
w 2560 2064 2560 1440 0
w 2528 1968 2528 1376 0
w 2448 2272 2448 1216 0
w 2416 2176 2416 1152 0
w 2384 2080 2384 1088 0
w 2352 1984 2352 1024 0
w 3888 2192 3888 1600 0
w 3872 1568 3872 2160 0
w 3856 2128 3856 1536 0
w 3840 1504 3840 2096 0
w 3824 2064 3824 1472 0
w 3808 1440 3808 2032 0
w 3792 2000 3792 1408 0
w 3776 1376 3776 1968 0
w 3136 2192 3136 2288 0
w 2880 2288 3136 2288 0
w 2816 2240 3120 2240 0
w 3120 2160 3120 2240 0
w 3104 2192 3104 2128 0
w 2880 2192 3104 2192 0
w 3088 2144 3088 2096 0
w 2816 2144 3088 2144 0
w 3072 2096 3072 2064 0
w 2880 2096 3072 2096 0
w 3088 2048 3088 2032 0
w 2816 2048 3088 2048 0
w 2816 1952 3120 1952 0
w 3120 1968 3120 1952 0
w 2800 2304 2640 2304 0
w 2736 2256 2624 2256 0
w 2800 2208 2608 2208 0
w 2736 2160 2592 2160 0
w 2800 2112 2576 2112 0
w 2736 2064 2560 2064 0
w 2800 2016 2544 2016 0
w 2736 1968 2528 1968 0
w 2800 2272 2448 2272 0
w 2736 2224 2432 2224 0
w 2800 2176 2416 2176 0
w 2736 2128 2400 2128 0
w 2800 2080 2384 2080 0
w 2736 2032 2368 2032 0
w 2800 1984 2352 1984 0
w 2736 1936 2336 1936 0
d 3696 2192 3744 2192 2 default
d 3696 2160 3744 2160 2 default
d 3696 2128 3744 2128 2 default
d 3696 2096 3744 2096 2 default
d 3696 2064 3744 2064 2 default
d 3696 2032 3744 2032 2 default
d 3696 2000 3744 2000 2 default
d 3696 1968 3744 1968 2 default
208 3600 1968 3664 1968 0 Enable\s12bit 0 0 0 0 0 0 0 0 0 0 0 0
w 3744 2192 3888 2192 0
w 3744 2160 3872 2160 0
w 3744 2128 3856 2128 0
w 3744 2096 3840 2096 0
w 3744 2064 3824 2064 0
w 3744 2032 3808 2032 0
w 3744 2000 3792 2000 0
w 3744 1968 3776 1968 0
w 3136 2192 3600 2192 0
w 3600 2160 3120 2160 0
w 3104 2128 3600 2128 0
w 3088 2096 3600 2096 0
w 3072 2064 3600 2064 0
w 3088 2032 3600 2032 0
w 2880 2000 3600 2000 0
w 3120 1968 3600 1968 0
w 2464 2320 2464 2960 0
w 2480 3008 2480 2368 0
w 2496 2416 2496 3056 0
w 2512 3104 2512 2464 0
w 2656 2352 2656 2992 0
w 2672 3040 2672 2400 0
w 2688 2448 2688 3088 0
w 2704 3136 2704 2496 0
w 2464 2960 2464 3600 0
w 2480 3648 2480 3008 0
w 2496 3056 2496 3696 0
w 2512 3744 2512 3104 0
w 2656 2992 2656 3632 0
w 2672 3680 2672 3040 0
w 2688 3088 2688 3728 0
w 2704 3776 2704 3136 0
! 12bit 0 A0,A1,A2,A3,A4,A5,A6,A7,A8,A9,A10,A11,B0,B1,B2,B3,B4,B5,B6,B7,B8,B9,B10,B11 >,\q,< 12bit 1???????????\s0???????????\q100\n01??????????\s00??????????\q100\n001?????????\s000?????????\q100\n0001????????\s0000????????\q100\n00001???????\s00000???????\q100\n000001??????\s000000??????\q100\n0000001?????\s0000000?????\q100\n00000001????\s00000000????\q100\n000000001???\s000000000???\q100\n0000000001??\s0000000000??\q100\n00000000001?\s00000000000?\q100\n000000000001\s000000000000\q100\n\n0???????????\s1???????????\q001\n00??????????\s01??????????\q001\n000?????????\s001?????????\q001\n0000????????\s0001????????\q001\n00000???????\s00001???????\q001\n000000??????\s000001??????\q001\n0000000?????\s0000001?????\q001\n00000000????\s00000001????\q001\n000000000???\s000000001???\q001\n0000000000??\s0000000001??\q001\n00000000000?\s00000000001?\q001\n000000000000\s000000000001\q001\n\nABCDEFGHIJKL\sABCDEFGHIJKL\q010\n
208 2800 992 2832 992 0 12bit 0 0 0
w 3264 1072 3264 1824 0
w 3248 1072 3264 1072 0
w 3008 1152 3008 1792 0
w 3056 1152 3008 1152 0
w 2992 1088 3056 1088 0
w 2992 1776 2992 1088 0
w 2976 1024 3056 1024 0
w 2976 1760 2976 1024 0
w 2944 1120 3056 1120 0
w 2944 1056 2944 1120 0
w 2896 1056 2944 1056 0
w 2960 1056 3056 1056 0
w 2960 1024 2960 1056 0
w 2896 1024 2960 1024 0
w 2896 992 3056 992 0
w 3120 1072 3184 1072 0
w 3168 1056 3184 1056 0
w 3168 1088 3184 1088 0
w 3168 1136 3168 1088 0
w 3120 1136 3168 1136 0
w 3168 1008 3168 1056 0
w 3120 1008 3168 1008 0
152 3184 1072 3248 1072 0 3 0 5
150 3056 1136 3120 1136 0 2 0 5
150 3056 1072 3120 1072 0 2 0 5
150 3056 1008 3120 1008 0 2 0 5
w 2800 992 2336 992 0
w 2800 1024 2352 1024 0
w 2800 1056 2368 1056 0
w 2384 1088 2800 1088 0
w 2400 1120 2800 1120 0
w 2800 1152 2416 1152 0
w 2800 1184 2432 1184 0
w 2800 1216 2448 1216 0
w 2800 1248 2464 1248 0
w 2480 1280 2800 1280 0
w 2800 1312 2496 1312 0
w 2512 1344 2800 1344 0
w 2800 1376 2528 1376 0
w 2544 1408 2800 1408 0
w 2800 1440 2560 1440 0
w 2576 1472 2800 1472 0
w 2800 1504 2592 1504 0
w 2608 1536 2800 1536 0
w 2800 1568 2624 1568 0
w 2640 1600 2800 1600 0
w 2800 1632 2656 1632 0
w 2672 1664 2800 1664 0
w 2800 1696 2688 1696 0
w 2704 1728 2800 1728 0
w 2480 2368 2480 1280 0
w 2512 2464 2512 1344 0
w 2656 1632 2656 2352 0
w 2672 2400 2672 1664 0
w 2688 1696 2688 2448 0
w 2704 2496 2704 1728 0
w 3312 1904 2976 1904 0
w 2976 1760 2976 1904 0
w 3328 1920 2992 1920 0
w 3344 1936 3008 1936 0
w 2992 1776 2992 1920 0
w 3008 1792 3008 1936 0
w 2976 1760 2272 1760 0
w 2992 1776 2288 1776 0
w 3008 1792 2304 1792 0
w 3024 1808 2320 1808 0
w 3776 2608 3776 3248 0
w 3792 3280 3792 2640 0
w 3808 2672 3808 3312 0
w 3824 3344 3824 2704 0
w 3840 2736 3840 3376 0
w 3856 3408 3856 2768 0
w 3872 2800 3872 3440 0
w 3888 3472 3888 2832 0
w 3952 3600 3952 2960 0
w 3936 2928 3936 3568 0
w 3920 3536 3920 2896 0
w 3904 2864 3904 3504 0
w 2608 1536 2608 2208 0
w 2576 1472 2576 2112 0
w 2544 1408 2544 2016 0
w 2496 1312 2496 2416 0
w 2464 1248 2464 2320 0
w 2432 1184 2432 2224 0
w 2400 1120 2400 2128 0
w 2368 1056 2368 2032 0
w 2336 992 2336 1936 0
168 2144 -176 2160 -176 2 12 0 0 0 0 0 0 0 0 0 0 0 0
168 2144 240 2160 240 2 12 0 0 0 0 0 0 0 0 0 0 0 0
w 2336 656 2336 -176 0
w 2240 -176 2336 -176 0
w 2240 -144 2352 -144 0
w 2240 -112 2368 -112 0
w 2240 -80 2384 -80 0
196 2864 -160 2896 -160 2 12
w 2240 -48 2400 -48 0
w 2240 -16 2416 -16 0
w 2240 16 2432 16 0
w 2240 48 2448 48 0
w 2240 80 2464 80 0
w 2240 112 2480 112 0
w 2240 144 2496 144 0
w 2240 176 2512 176 0
w 2240 240 2528 240 0
w 2240 272 2544 272 0
w 2240 304 2560 304 0
w 2240 336 2576 336 0
w 2240 368 2592 368 0
w 2240 400 2608 400 0
w 2240 432 2624 432 0
w 2240 464 2640 464 0
w 2240 496 2656 496 0
w 2240 528 2672 528 0
w 2240 560 2688 560 0
w 2240 592 2704 592 0
w 2352 -144 2352 672 0
w 2368 688 2368 -112 0
w 2384 -80 2384 704 0
w 2400 -48 2400 720 0
w 2416 736 2416 -16 0
w 2432 16 2432 752 0
w 2448 768 2448 48 0
w 2464 80 2464 784 0
w 2480 800 2480 112 0
w 2496 144 2496 816 0
w 2512 832 2512 176 0
w 2528 240 2528 1376 0
w 2544 1408 2544 272 0
w 2560 304 2560 1440 0
w 2704 592 2864 592 0
w 2864 592 2864 576 0
w 2688 560 2864 560 0
w 2864 560 2864 544 0
w 2672 528 2864 528 0
w 2864 528 2864 512 0
w 2656 496 2864 496 0
w 2864 496 2864 480 0
w 2640 464 2864 464 0
w 2624 432 2864 432 0
w 2608 400 2864 400 0
w 2864 400 2864 384 0
w 2864 464 2864 448 0
w 2864 432 2864 416 0
w 2864 224 2864 240 0
w 2864 256 2864 272 0
w 2864 288 2864 304 0
w 2864 320 2864 336 0
w 2864 352 2864 368 0
w 2592 368 2864 368 0
w 2576 336 2864 336 0
w 2560 304 2864 304 0
w 2544 272 2864 272 0
w 2528 240 2864 240 0
w 2864 192 2864 176 0
w 2864 160 2864 144 0
w 2864 128 2864 112 0
w 2864 96 2864 80 0
w 2864 64 2864 48 0
w 2864 32 2864 16 0
w 2864 0 2864 -16 0
w 2864 -32 2864 -48 0
w 2864 -64 2864 -80 0
w 2864 -96 2864 -112 0
w 2864 -128 2864 -144 0
w 2336 -176 2864 -176 0
w 2864 -160 2864 -176 0
w 2864 -144 2352 -144 0
w 2368 -112 2864 -112 0
w 2864 -80 2384 -80 0
w 2400 -48 2864 -48 0
w 2864 -16 2416 -16 0
w 2432 16 2864 16 0
w 2864 48 2448 48 0
w 2464 80 2864 80 0
w 2864 112 2480 112 0
w 2496 144 2864 144 0
w 2864 176 2512 176 0
! Enable\s13bit 0 I0,I1,I2,I3,I4,I5,I6,I7,I8,I9,I10,I11,I12,En O0,O1,O2,O3,O4,O5,O6,O7,O8,O9,O10,O11,O12 Enable\s13bit ABCDEFGHIJKLM1\s\qABCDEFGHIJKLM\n?????????????0\s\q0000000000000\n
208 3200 -128 3264 -128 0 Enable\s13bit 0 0 0 0 0 0 0 0 0 0 0 0 0
w 2960 -96 3200 -96 0
w 3200 -64 2960 -64 0
w 3200 0 2960 0 0
w 2960 -32 3200 -32 0
w 2960 96 3200 96 0
w 3200 128 2960 128 0
w 3200 64 2960 64 0
w 2960 32 3200 32 0
w 2960 224 3200 224 0
w 3200 256 2960 256 0
w 3200 192 2960 192 0
w 2960 160 3200 160 0
w 2960 -160 2960 -128 0
w 2960 -128 3200 -128 0
d 3296 -128 3344 -128 2 default
d 3296 -96 3344 -96 2 default
d 3296 -32 3344 -32 2 default
d 3296 -64 3344 -64 2 default
d 3296 64 3344 64 2 default
d 3296 96 3344 96 2 default
d 3296 32 3344 32 2 default
d 3296 0 3344 0 2 default
d 3296 192 3344 192 2 default
d 3296 224 3344 224 2 default
d 3296 160 3344 160 2 default
d 3296 128 3344 128 2 default
d 3296 256 3344 256 2 default
152 2736 2592 2816 2592 0 2 0 5
152 2800 2640 2880 2640 0 2 0 5
152 2800 2736 2880 2736 0 2 0 5
152 2736 2688 2816 2688 0 2 0 5
152 2800 2832 2880 2832 0 2 0 5
152 2736 2784 2816 2784 0 2 0 5
152 2800 2928 2880 2928 0 2 0 5
152 2736 2880 2816 2880 0 2 0 5
152 2800 3024 2880 3024 0 2 0 5
152 2736 2976 2816 2976 0 2 0 5
152 2800 3120 2880 3120 0 2 0 5
152 2736 3072 2816 3072 0 2 0 5
150 2736 1952 2816 1952 0 2 0 5
150 2800 2000 2880 2000 0 2 0 5
150 2736 2048 2816 2048 0 2 0 5
150 2800 2096 2880 2096 0 2 0 5
150 2800 2288 2880 2288 0 2 0 5
150 2736 2240 2816 2240 0 2 0 5
150 2800 2192 2880 2192 0 2 0 5
150 2736 2144 2816 2144 0 2 0 5
150 2800 2480 2880 2480 0 2 0 5
150 2736 2432 2816 2432 0 2 0 5
150 2800 2384 2880 2384 0 2 0 5
150 2736 2336 2816 2336 0 2 0 5
168 2864 -608 2880 -608 1026 12 0 0 0 0 0 0 0 0 0 0 0 0
w 2608 400 2608 1536 0
w 2592 1504 2592 368 0
w 2576 336 2576 1472 0
w 2672 528 2672 1664 0
w 2688 1696 2688 560 0
w 2704 592 2704 1728 0
w 2656 496 2656 1632 0
w 2640 1600 2640 464 0
w 2624 432 2624 1568 0
w 2336 656 2336 992 0
w 2352 672 2352 1024 0
w 2368 688 2368 1056 0
w 2384 704 2384 1088 0
w 2400 1120 2400 720 0
w 2416 736 2416 1152 0
w 2432 1184 2432 752 0
w 2448 768 2448 1216 0
w 2464 1248 2464 784 0
w 2480 800 2480 1280 0
w 2496 1312 2496 816 0
w 2512 832 2512 1344 0
w 2512 832 3584 832 0
w 3360 1936 3504 1936 0
w 3264 1824 2256 1824 0
d 3728 1408 3760 1408 2 default
d 3728 1376 3760 1376 2 default
208 3632 1376 3696 1376 0 Enable\s12bit 0 0 0 0 0 0 0 0 0 0 0 0
208 3632 864 3696 864 0 Enable\s12bit 0 0 0 0 0 0 0 0 0 0 0 0
208 3632 336 3696 336 0 Enable\s12bit 0 0 0 0 0 0 0 0 0 0 0 0
w 2496 816 3568 816 0
w 2464 784 3536 784 0
w 2480 800 3552 800 0
w 2416 736 3488 736 0
w 2400 720 3472 720 0
w 2432 752 3504 752 0
w 2448 768 3520 768 0
w 2352 672 3424 672 0
w 2336 656 3408 656 0
w 2368 688 3440 688 0
w 2384 704 3456 704 0
w 3568 816 3568 688 0
w 3568 688 3632 688 0
w 3632 656 3552 656 0
w 3632 624 3536 624 0
w 3632 592 3520 592 0
w 3632 560 3504 560 0
w 3632 528 3488 528 0
w 3632 496 3472 496 0
w 3632 464 3456 464 0
w 3632 432 3440 432 0
w 3632 400 3424 400 0
w 3552 800 3552 656 0
w 3536 624 3536 784 0
w 3520 768 3520 592 0
w 3504 560 3504 752 0
w 3488 736 3488 528 0
w 3472 496 3472 720 0
w 3456 704 3456 464 0
w 3440 432 3440 688 0
w 3424 672 3424 400 0
w 3632 368 3408 368 0
w 3408 368 3408 656 0
w 3408 656 3408 864 0
w 3424 672 3424 864 0
w 3440 688 3440 896 0
w 3456 704 3456 928 0
w 3472 720 3472 960 0
w 3504 752 3504 1024 0
w 3488 736 3488 992 0
w 3520 768 3520 1056 0
w 3536 784 3536 1088 0
w 3552 800 3552 1120 0
w 3568 816 3568 1152 0
w 3584 832 3584 1184 0
w 3632 864 3424 864 0
w 3440 896 3632 896 0
w 3632 928 3456 928 0
w 3472 960 3632 960 0
w 3632 992 3488 992 0
w 3504 1024 3632 1024 0
w 3632 1056 3520 1056 0
w 3536 1088 3632 1088 0
w 3632 1120 3552 1120 0
w 3568 1152 3632 1152 0
w 3632 1184 3584 1184 0
d 3728 1440 3760 1440 2 default
d 3728 1472 3760 1472 2 default
d 3728 1600 3760 1600 2 default
d 3728 1568 3760 1568 2 default
d 3728 1504 3760 1504 2 default
d 3728 1536 3760 1536 2 default
d 3728 1728 3760 1728 2 default
d 3728 1696 3760 1696 2 default
d 3728 1632 3760 1632 2 default
d 3728 1664 3760 1664 2 default
I 3600 1376 3632 1376 0 0.5 5
I 3600 1408 3632 1408 0 0.5 5
I 3600 1472 3632 1472 0 0.5 5
I 3600 1440 3632 1440 0 0.5 5
I 3600 1568 3632 1568 0 0.5 5
I 3600 1600 3632 1600 0 0.5 5
I 3600 1536 3632 1536 0 0.5 5
I 3600 1504 3632 1504 0 0.5 5
I 3600 1696 3632 1696 0 0.5 5
I 3600 1728 3632 1728 0 0.5 5
I 3600 1664 3632 1664 0 0.5 5
I 3600 1632 3632 1632 0 0.5 5
w 3584 1184 3584 1728 0
w 3600 1728 3584 1728 0
w 3600 1696 3568 1696 0
w 3600 1664 3552 1664 0
w 3600 1632 3536 1632 0
w 3600 1600 3520 1600 0
w 3600 1568 3504 1568 0
w 3600 1536 3488 1536 0
w 3600 1504 3472 1504 0
w 3600 1472 3456 1472 0
w 3600 1440 3440 1440 0
w 3600 1408 3424 1408 0
w 3600 1376 3408 1376 0
w 3568 1152 3568 1696 0
w 3552 1664 3552 1120 0
w 3536 1088 3536 1632 0
w 3520 1600 3520 1056 0
w 3504 1024 3504 1568 0
w 3488 992 3488 1536 0
w 3472 1504 3472 960 0
w 3456 928 3456 1472 0
w 3440 1440 3440 896 0
w 3424 864 3424 1408 0
w 3408 1376 3408 864 0
150 3360 336 3392 336 0 3 0 5
150 3360 1216 3392 1216 0 3 0 5
w 3392 1216 3632 1216 0
w 3392 336 3632 336 0
w 3296 1888 3280 1888 0
w 3280 1888 3280 1856 0
422 3632 1248 3632 1312 0 0 2.5 5
422 3632 1760 3632 1824 0 0 2.5 5
422 3632 720 3632 784 0 0 2.5 5
d 3632 784 3632 816 2 default
d 3632 1312 3632 1344 2 default
d 3632 1824 3632 1856 2 default
w 3632 1856 3280 1856 0
w 3632 1344 3280 1344 0
w 3280 1856 3280 1344 0
w 3280 1344 3280 848 0
w 3632 816 3632 848 0
w 3632 848 3280 848 0
w 3360 1200 3344 1200 0
w 3344 1200 3344 320 0
w 3360 320 3344 320 0
d 3728 1152 3760 1152 2 default
d 3728 1120 3760 1120 2 default
d 3728 1184 3760 1184 2 default
d 3728 1216 3760 1216 2 default
d 3728 1024 3760 1024 2 default
d 3728 992 3760 992 2 default
d 3728 1056 3760 1056 2 default
d 3728 1088 3760 1088 2 default
d 3728 960 3760 960 2 default
d 3728 928 3760 928 2 default
d 3728 864 3760 864 2 default
d 3728 896 3760 896 2 default
d 3728 624 3760 624 2 default
d 3728 592 3760 592 2 default
d 3728 656 3760 656 2 default
d 3728 688 3760 688 2 default
d 3728 496 3760 496 2 default
d 3728 464 3760 464 2 default
d 3728 528 3760 528 2 default
d 3728 560 3760 560 2 default
d 3728 432 3760 432 2 default
d 3728 400 3760 400 2 default
d 3728 336 3760 336 2 default
d 3728 368 3760 368 2 default
150 3360 1280 3392 1280 0 2 0 5
w 3392 1280 3600 1280 0
w 3600 1280 3600 1248 0
w 3600 1248 3632 1248 0
I 3312 1296 3344 1296 0 0.5 5
150 3360 608 3392 608 0 2 0 5
w 3392 608 3616 608 0
w 3616 608 3616 720 0
w 3616 720 3632 720 0
w 3360 1296 3344 1296 0
w 3312 1280 3312 624 0
w 3312 624 3360 624 0
w 3312 1296 3296 1296 0
w 3360 1264 3296 1264 0
w 3360 592 3296 592 0
w 3296 1264 3296 592 0
w 3344 1296 3344 1232 0
w 3344 1232 3360 1232 0
w 3312 1280 3296 1280 0
w 3296 1280 3296 1296 0
w 3408 864 3328 864 0
w 3328 864 3328 1216 0
w 3328 1216 3360 1216 0
w 3584 832 3584 384 0
w 3584 384 3328 384 0
w 3328 384 3328 336 0
w 3328 336 3360 336 0
w 3312 624 3312 352 0
w 3312 352 3360 352 0
w 3296 592 2992 592 0
w 3760 1728 3952 1728 0
w 3936 1696 3760 1696 0
w 3776 1376 3760 1376 0
w 3760 1408 3792 1408 0
w 3808 1440 3760 1440 0
w 3760 1472 3824 1472 0
w 3840 1504 3760 1504 0
w 3760 1536 3856 1536 0
w 3872 1568 3760 1568 0
w 3760 1600 3888 1600 0
w 3904 1632 3760 1632 0
w 3760 1664 3920 1664 0
w 3760 1152 3920 1152 0
w 3904 1120 3760 1120 0
w 3760 1088 3888 1088 0
w 3872 1056 3760 1056 0
w 3760 1024 3856 1024 0
w 3840 992 3760 992 0
w 3760 960 3824 960 0
w 3808 928 3760 928 0
w 3760 896 3792 896 0
w 3776 864 3760 864 0
w 3936 1184 3760 1184 0
w 3760 1216 3952 1216 0
w 3760 624 3920 624 0
w 3904 592 3760 592 0
w 3760 560 3888 560 0
w 3872 528 3760 528 0
w 3760 496 3856 496 0
w 3840 464 3760 464 0
w 3760 432 3824 432 0
w 3808 400 3760 400 0
w 3760 368 3792 368 0
w 3776 336 3760 336 0
w 3936 656 3760 656 0
w 3760 688 3952 688 0
w 3776 336 3776 864 0
w 3792 896 3792 368 0
w 3808 400 3808 928 0
w 3824 960 3824 432 0
w 3840 464 3840 992 0
w 3856 1024 3856 496 0
w 3872 528 3872 1056 0
w 3888 1088 3888 560 0
w 3904 592 3904 1120 0
w 3920 1152 3920 624 0
w 3936 656 3936 1184 0
w 3952 1216 3952 688 0
w 3952 1728 3952 1216 0
w 3936 1184 3936 1696 0
w 3920 1664 3920 1152 0
w 3904 1120 3904 1632 0
w 3888 1600 3888 1088 0
w 3872 1056 3872 1568 0
w 3856 1536 3856 1024 0
w 3840 992 3840 1504 0
w 3824 1472 3824 960 0
w 3808 928 3808 1440 0
w 3792 1408 3792 896 0
w 3776 864 3776 1376 0
150 3520 1760 3600 1760 0 2 0 5
w 3600 1760 3632 1760 0
w 3024 1808 3520 1808 0
w 3520 1808 3520 1776 0
w 3776 336 3776 -96 0
w 3344 -96 3776 -96 0
w 3344 -64 3792 -64 0
w 3344 -32 3808 -32 0
w 3344 0 3824 0 0
w 3344 32 3840 32 0
w 3344 64 3856 64 0
w 3344 96 3872 96 0
w 3344 128 3888 128 0
w 3344 160 3904 160 0
w 3344 192 3920 192 0
w 3344 224 3936 224 0
w 3344 256 3952 256 0
w 3792 -64 3792 368 0
w 3824 0 3824 432 0
w 3808 400 3808 -32 0
w 3872 528 3872 96 0
w 3888 128 3888 560 0
w 3856 64 3856 496 0
w 3840 464 3840 32 0
w 3936 656 3936 224 0
w 3952 256 3952 688 0
w 3920 192 3920 624 0
w 3904 592 3904 160 0
w 3776 -96 3776 -608 0
w 2960 -608 3776 -608 0
w 2960 -576 3792 -576 0
w 2960 -544 3808 -544 0
w 2960 -512 3824 -512 0
w 2960 -480 3840 -480 0
w 2960 -448 3856 -448 0
w 2960 -416 3872 -416 0
w 2960 -384 3888 -384 0
w 2960 -352 3904 -352 0
w 2960 -320 3920 -320 0
w 2960 -288 3936 -288 0
w 2960 -256 3952 -256 0
w 3792 -64 3792 -576 0
w 3824 0 3824 -512 0
w 3808 -32 3808 -544 0
w 3856 64 3856 -448 0
w 3840 32 3840 -480 0
w 3888 128 3888 -384 0
w 3872 96 3872 -416 0
w 3920 192 3920 -320 0
w 3904 160 3904 -352 0
w 3936 224 3936 -288 0
w 3952 256 3952 -256 0
413 1440 -640 1504 -640 0 12 12 -2
w 2816 -608 1888 -608 0
w 2816 -256 2064 -256 0
w 2816 -288 2048 -288 0
w 2816 -320 2032 -320 0
w 2816 -352 2016 -352 0
w 2816 -384 2000 -384 0
w 2816 -416 1984 -416 0
w 2816 -448 1968 -448 0
w 2816 -480 1952 -480 0
w 2816 -512 1936 -512 0
w 2816 -544 1920 -544 0
w 2816 -576 1904 -576 0
w 1888 -608 1536 -608 0
w 1536 -576 1904 -576 0
w 1920 -544 1536 -544 0
w 1536 -512 1936 -512 0
w 1952 -480 1536 -480 0
w 1536 -448 1968 -448 0
w 1984 -416 1536 -416 0
w 1536 -384 2000 -384 0
w 2016 -352 1536 -352 0
w 1536 -320 2032 -320 0
w 2048 -288 1536 -288 0
w 1536 -256 2064 -256 0
w 2144 -176 1888 -176 0
w 2064 -256 2064 176 0
w 2144 -144 1904 -144 0
w 2144 -112 1920 -112 0
w 2144 -80 1936 -80 0
w 2144 -48 1952 -48 0
w 2144 -16 1968 -16 0
w 2144 16 1984 16 0
w 2144 48 2000 48 0
w 2144 80 2016 80 0
w 2144 112 2032 112 0
w 2144 144 2048 144 0
w 2144 176 2064 176 0
w 2048 144 2048 -288 0
w 2032 -320 2032 112 0
w 2016 80 2016 -352 0
w 2000 -384 2000 48 0
w 1984 16 1984 -416 0
w 1968 -448 1968 -16 0
w 1952 -48 1952 -480 0
w 1936 -512 1936 -80 0
w 1920 -112 1920 -544 0
w 1904 -576 1904 -144 0
w 1888 -176 1888 -608 0
w 1888 -176 1888 240 0
w 1904 272 1904 -144 0
w 1936 336 1936 -80 0
w 1920 -112 1920 304 0
w 1984 16 1984 432 0
w 2000 464 2000 48 0
w 1968 400 1968 -16 0
w 1952 -48 1952 368 0
w 2048 144 2048 560 0
w 2064 592 2064 176 0
w 2032 528 2032 112 0
w 2016 80 2016 496 0
185 1440 288 1488 288 0 2
208 1440 -176 1504 -176 0 Enable\s12bit 0 0 0 0 0 0 0 0 0 0 0 0
d 1536 -176 1568 -176 2 default
d 1536 -144 1568 -144 2 default
d 1536 -80 1568 -80 2 default
d 1536 -112 1568 -112 2 default
d 1536 16 1568 16 2 default
d 1536 48 1568 48 2 default
d 1536 -16 1568 -16 2 default
d 1536 -48 1568 -48 2 default
d 1536 144 1568 144 2 default
d 1536 176 1568 176 2 default
d 1536 112 1568 112 2 default
d 1536 80 1568 80 2 default
w 1888 -176 1568 -176 0
w 1568 -144 1904 -144 0
w 1920 -112 1568 -112 0
w 1568 -80 1936 -80 0
w 1952 -48 1568 -48 0
w 1568 -16 1968 -16 0
w 1568 16 1984 16 0
w 2000 48 1568 48 0
w 1568 80 2016 80 0
w 2032 112 1568 112 0
w 1568 144 2048 144 0
w 2064 176 1568 176 0
w 1440 176 1408 176 0
w 1440 144 1392 144 0
w 1408 176 1408 448 0
w 1408 448 1472 448 0
w 1504 448 1504 464 0
w 1504 464 1392 464 0
w 1392 464 1392 144 0
R 1440 288 1440 336 0 0 40 5 0 0 0.5
w 2272 1760 2272 656 0
w 2288 1776 2288 672 0
w 2304 1792 2304 688 0
w 2320 1808 2320 704 0
w 2272 656 1632 656 0
w 2288 672 1616 672 0
w 2304 688 1600 688 0
w 2320 704 1584 704 0
w 1568 384 1584 384 0
w 1568 352 1600 352 0
w 1568 320 1616 320 0
w 1568 288 1632 288 0
w 1632 288 1632 656 0
w 1616 320 1616 672 0
w 1600 352 1600 688 0
w 1584 384 1584 704 0
153 1648 240 1568 240 0 2 0 5
w 1440 208 1440 240 0
w 1440 240 1568 240 0
I 1600 -640 1536 -640 0 0.5 5
w 1648 224 1648 -1248 0
w 1648 256 1664 256 0
w 1664 256 1664 -1264 0
168 1440 864 1456 864 1026 12 0 0 0 0 0 0 0 0 0 0 0 0
168 1440 1280 1456 1280 1026 12 0 0 0 0 0 0 0 0 0 0 0 0
w 1536 864 1888 864 0
w 1536 896 1904 896 0
w 1536 928 1920 928 0
w 1536 960 1936 960 0
w 1536 992 1952 992 0
w 1536 1024 1968 1024 0
w 1536 1056 1984 1056 0
w 1536 1088 2000 1088 0
w 1536 1120 2016 1120 0
w 2032 1152 1536 1152 0
w 1536 1184 2048 1184 0
w 1536 1216 2064 1216 0
168 880 -640 928 -640 2050 12 0 0 0 0 0 0 0 0 0 0 0 0
w 976 -608 992 -608 0
w 976 -576 1008 -576 0
w 976 -544 1024 -544 0
w 976 -512 1040 -512 0
w 976 -480 1056 -480 0
w 976 -448 1072 -448 0
w 976 -416 1088 -416 0
w 976 -384 1104 -384 0
w 976 -352 1120 -352 0
w 976 -320 1136 -320 0
w 976 -288 1152 -288 0
w 976 -256 1168 -256 0
w 1440 -608 992 -608 0
w 1008 -576 1440 -576 0
w 1440 -544 1024 -544 0
w 1040 -512 1440 -512 0
w 1440 -480 1056 -480 0
w 1072 -448 1440 -448 0
w 1440 -416 1088 -416 0
w 1104 -384 1440 -384 0
w 1440 -352 1120 -352 0
w 1136 -320 1440 -320 0
w 1440 -288 1152 -288 0
w 1168 -256 1440 -256 0
w 880 -256 864 -256 0
w 880 -288 848 -288 0
w 880 -320 832 -320 0
w 880 -352 816 -352 0
w 880 -384 800 -384 0
w 880 -416 784 -416 0
w 880 -448 768 -448 0
w 880 -480 752 -480 0
w 880 -512 736 -512 0
w 880 -544 720 -544 0
w 880 -576 704 -576 0
w 880 -608 688 -608 0
w 864 -256 864 176 0
w 1408 176 864 176 0
w 1392 144 848 144 0
w 1440 112 832 112 0
w 1440 80 816 80 0
w 1440 48 800 48 0
w 1440 16 784 16 0
w 1440 -16 768 -16 0
w 1440 -48 752 -48 0
w 736 -80 1440 -80 0
w 1440 -112 720 -112 0
w 1440 -144 704 -144 0
w 1440 -176 688 -176 0
w 848 -288 848 144 0
w 816 -352 816 80 0
w 832 -320 832 112 0
w 768 -448 768 -16 0
w 752 -480 752 -48 0
w 784 -416 784 16 0
w 800 -384 800 48 0
w 704 -576 704 -144 0
w 688 -608 688 -176 0
w 720 -544 720 -112 0
w 736 -512 736 -80 0
208 560 -176 624 -176 1024 Enable\s12bit 0 0 0 0 0 0 0 0 0 0 0 0
208 560 240 624 240 1024 Enable\s12bit 0 0 0 0 0 0 0 0 0 0 0 0
w 688 -176 656 -176 0
w 656 -144 704 -144 0
w 720 -112 656 -112 0
w 656 -80 736 -80 0
w 752 -48 656 -48 0
w 656 -16 768 -16 0
w 784 16 656 16 0
w 656 48 800 48 0
w 816 80 656 80 0
w 656 112 832 112 0
w 848 144 656 144 0
w 656 176 864 176 0
w 992 -608 992 240 0
w 656 240 992 240 0
w 656 272 1008 272 0
w 656 304 1024 304 0
w 1040 336 656 336 0
w 656 368 1056 368 0
w 1072 400 656 400 0
w 656 432 1088 432 0
w 656 464 1104 464 0
w 656 496 1120 496 0
w 656 528 1136 528 0
w 656 560 1152 560 0
w 656 592 1168 592 0
w 1008 -576 1008 272 0
w 1040 -512 1040 336 0
w 1024 -544 1024 304 0
w 1088 -416 1088 432 0
w 1104 -384 1104 464 0
w 1072 -448 1072 400 0
w 1056 -480 1056 368 0
w 1152 -288 1152 560 0
w 1168 -256 1168 592 0
w 1136 -320 1136 528 0
w 1120 -352 1120 496 0
! Switch\s12bit 0 A0,A1,A2,A3,A4,A5,A6,A7,A8,A9,A10,A11,B0,B1,B2,B3,B4,B5,B6,B7,B8,B9,B10,B11,En O0,O1,O2,O3,O4,O5,O6,O7,O8,O9,O10,O11 Switch\s12bit ABCDEFGHIJKL????????????0\qABCDEFGHIJKL\n????????????ABCDEFGHIJKL1\qABCDEFGHIJKL\n
208 0 -608 16 -608 0 Switch\s12bit 0 0 0 0 0 0 0 0 0 0 0 0
w 688 -608 96 -608 0
w 96 -576 704 -576 0
w 720 -544 96 -544 0
w 96 -512 736 -512 0
w 752 -480 96 -480 0
w 96 -448 768 -448 0
w 784 -416 96 -416 0
w 96 -384 800 -384 0
w 816 -352 96 -352 0
w 96 -320 832 -320 0
w 848 -288 96 -288 0
w 96 -256 864 -256 0
w 512 176 496 176 0
w 496 176 496 592 0
w 496 592 512 592 0
w 512 560 480 560 0
w 512 528 464 528 0
w 512 496 448 496 0
w 512 464 432 464 0
w 512 432 416 432 0
w 512 400 400 400 0
w 512 368 384 368 0
w 512 336 368 336 0
w 512 304 352 304 0
w 512 272 336 272 0
w 512 240 320 240 0
w 512 -176 320 -176 0
w 512 -144 336 -144 0
w 512 -112 352 -112 0
w 512 -80 368 -80 0
w 512 -48 384 -48 0
w 512 -16 400 -16 0
w 512 16 416 16 0
w 512 48 432 48 0
w 512 80 448 80 0
w 512 112 464 112 0
w 512 144 480 144 0
w 480 144 480 560 0
w 448 80 448 496 0
w 464 112 464 528 0
w 400 -16 400 400 0
w 384 -48 384 368 0
w 416 16 416 432 0
w 432 48 432 464 0
w 336 -144 336 272 0
w 320 -176 320 240 0
w 352 -112 352 304 0
w 368 -80 368 336 0
d 560 -176 512 -176 2 default
d 560 -144 512 -144 2 default
d 560 -112 512 -112 2 default
d 560 -16 512 -16 2 default
d 560 -48 512 -48 2 default
d 560 -80 512 -80 2 default
d 560 112 512 112 2 default
d 560 144 512 144 2 default
d 560 176 512 176 2 default
d 560 80 512 80 2 default
d 560 48 512 48 2 default
d 560 16 512 16 2 default
d 560 432 512 432 2 default
d 560 464 512 464 2 default
d 560 496 512 496 2 default
d 560 592 512 592 2 default
d 560 560 512 560 2 default
d 560 528 512 528 2 default
d 560 336 512 336 2 default
d 560 368 512 368 2 default
d 560 400 512 400 2 default
d 560 304 512 304 2 default
d 560 272 512 272 2 default
d 560 240 512 240 2 default
150 1808 624 1872 624 0 2 0 5
150 1808 208 1872 208 0 2 0 5
150 1600 1248 1536 1248 0 2 0 5
150 1600 1664 1536 1664 0 2 0 5
w 1808 224 1760 224 0
w 1632 288 1792 288 0
w 1792 288 1792 192 0
w 1792 192 1808 192 0
w 1616 320 1776 320 0
w 1776 320 1776 608 0
w 1776 608 1808 608 0
w 1808 640 1760 640 0
w 1760 640 1760 224 0
w 1760 176 1760 -640 0
w 1760 640 1760 1232 0
w 1760 1232 1760 1648 0
w 1760 1648 1600 1648 0
w 1600 1232 1760 1232 0
w 1600 688 1600 720 0
w 1584 704 1584 736 0
w 1600 720 1632 720 0
w 1584 736 1616 736 0
w 1632 720 1632 1264 0
w 1632 1264 1600 1264 0
w 1616 736 1616 1680 0
w 1616 1680 1600 1680 0
w 1872 624 2144 624 0
w 1872 208 2144 208 0
w 1600 -640 1680 -640 0
w 1680 -640 1760 -640 0
w 1680 -640 1680 -1280 0
413 -480 -768 -448 -768 0 12 16 0 4096 11264 4097 8195 4098 8195 4098 12288 12291 4096 12289 4120 28673 4098 20480 24582 4098 12288 12291 4097 12289 4110 28673 4098 20481 24592 -1 -2
w -384 -816 -384 -768 0
I -480 -816 -384 -816 0 0.5 5
d -384 -256 -336 -256 2 default
d -384 -288 -336 -288 2 default
d -384 -320 -336 -320 2 default
d -384 -352 -336 -352 2 default
d -384 -384 -336 -384 2 default
d -384 -416 -336 -416 2 default
d -384 -448 -336 -448 2 default
d -384 -480 -336 -480 2 default
d -384 -512 -336 -512 2 default
d -384 -544 -336 -544 2 default
d -384 -576 -336 -576 2 default
d -384 -608 -336 -608 2 default
w 0 -608 -336 -608 0
d 64 -1232 144 -1232 2 default
d 64 -1232 64 -1296 2 default
w 144 -1232 144 -1248 0
w 64 -1168 64 -1104 0
w 64 -1200 64 -1168 0
w 64 -1232 64 -1200 0
w 16 -1280 16 -1264 0
w 1680 -1280 16 -1280 0
w 144 -1264 144 -1248 0
w 16 -1184 2992 -1184 0
w 16 -1216 3200 -1216 0
w 16 -1088 3968 -1088 0
w 16 -1136 880 -1136 0
w 16 -1056 16 -1072 0
w 16 -1088 16 -1104 0
d 16 -1104 64 -1104 2 default
w 80 -1328 160 -1328 0
w 64 -1328 80 -1328 0
w 64 -1072 80 -1072 0
w 16 -1056 656 -1056 0
w 80 -1072 80 -1328 0
d 16 -1072 64 -1072 2 default
x -149 -1059 -44 -1056 4 24 DAddress
x -133 -1098 -45 -1095 4 24 A,O,X,N
x -129 -1131 -79 -1128 4 24 Com
w 672 -1168 16 -1168 0
x -127 -1192 -79 -1189 4 24 Shift
x -129 -1223 -87 -1220 4 24 Add
x -132 -1317 -44 -1314 4 24 Address
x -129 -1257 -72 -1254 4 24 Read
x -131 -1286 -76 -1283 4 24 Write
x -131 -1353 -83 -1350 4 24 Reset
x -132 -1162 -62 -1159 4 24 GOTO
d 16 -1200 64 -1200 2 default
w 16 -1200 16 -1184 0
w 16 -1216 16 -1232 0
d 16 -1232 64 -1232 2 default
d 16 -1264 64 -1264 2 default
d 16 -1296 64 -1296 2 default
d 16 -1328 64 -1328 2 default
422 208 -1328 256 -1328 0 0 2.5 5
422 64 -1296 160 -1296 0 0 2.5 5
w 144 -1248 1648 -1248 0
w 192 -1264 1664 -1264 0
w 64 -1264 144 -1264 0
422 144 -1264 192 -1264 0 0 2.5 5
w 160 -1296 1008 -1296 0
422 160 -1328 208 -1328 0 0 2.5 5
w -32 -1392 -1024 -1392 0
w 16 -1360 16 -1392 0
d 16 -1392 -32 -1392 2 default
w 256 -1328 864 -1328 0
w -992 -1360 -176 -1360 0
w -48 -736 -48 -816 0
w -80 -704 -80 -816 0
w -112 -672 -112 -816 0
w -144 -640 -144 -816 0
w -336 -704 -80 -704 0
w -336 -736 -48 -736 0
185 -176 -1360 -160 -1360 0 4
w -336 -672 -112 -672 0
w -144 -640 -336 -640 0
d -384 -736 -336 -736 2 default
d -384 -704 -336 -704 2 default
d -384 -672 -336 -672 2 default
d -384 -640 -336 -640 2 default
w 0 -576 -336 -576 0
w 0 -512 -336 -512 0
w 0 -544 -336 -544 0
w 0 -416 -336 -416 0
w 0 -384 -336 -384 0
w 0 -448 -336 -448 0
w 0 -480 -336 -480 0
w 0 -352 -336 -352 0
w 0 -320 -336 -320 0
w 0 -256 -336 -256 0
w 0 -288 -336 -288 0
w 0 160 -16 160 0
w 0 128 -32 128 0
w 0 96 -48 96 0
w 0 64 -64 64 0
w 0 32 -80 32 0
w 0 0 -96 0 0
w 0 -32 -112 -32 0
w 0 -64 -128 -64 0
w 0 -96 -144 -96 0
w 0 -128 -160 -128 0
w 0 -160 -176 -160 0
w 0 -192 -192 -192 0
w 0 -224 -208 -224 0
w 1440 864 -208 864 0
w -208 -224 -208 864 0
w 1440 896 -192 896 0
w 1440 928 -176 928 0
w -160 960 1440 960 0
w 1440 992 -144 992 0
w -128 1024 1440 1024 0
w 1440 1056 -112 1056 0
w -96 1088 1440 1088 0
w 1440 1120 -80 1120 0
w -64 1152 1440 1152 0
w 1440 1184 -48 1184 0
w 1440 1216 -32 1216 0
w -192 -192 -192 896 0
w -160 -128 -160 960 0
w -176 -160 -176 928 0
w -112 -32 -112 1056 0
w -96 0 -96 1088 0
w -128 -64 -128 1024 0
w -144 -96 -144 992 0
w -48 96 -48 1184 0
w -32 128 -32 1216 0
w -64 64 -64 1152 0
w -80 32 -80 1120 0
w -512 -288 -512 144 0
w -528 -320 -528 112 0
w -544 -352 -544 80 0
w -560 -384 -560 48 0
w -576 -416 -576 16 0
w -592 -448 -592 -16 0
w -608 -480 -608 -48 0
w -480 -48 -608 -48 0
w -480 -16 -592 -16 0
w -480 16 -576 16 0
w -480 48 -560 48 0
w -480 80 -544 80 0
w -480 112 -528 112 0
w -480 144 -512 144 0
w -496 176 -480 176 0
w -496 -256 -496 176 0
419 -480 -176 -384 -176 0 12
w -480 -80 -624 -80 0
w -480 -112 -640 -112 0
w -480 -144 -656 -144 0
w -480 -176 -672 -176 0
w -672 -608 -672 -176 0
w -656 -576 -656 -144 0
w -640 -544 -640 -112 0
w -624 -512 -624 -80 0
w -480 -608 -672 -608 0
w -480 -576 -656 -576 0
w -480 -544 -640 -544 0
w -480 -512 -624 -512 0
w -496 -256 -480 -256 0
w -480 -288 -512 -288 0
w -480 -320 -528 -320 0
w -480 -352 -544 -352 0
w -480 -384 -560 -384 0
w -480 -416 -576 -416 0
w -480 -448 -592 -448 0
w -480 -480 -608 -480 0
421 -944 -640 -912 -640 0 12 0 0 0 0 0 0 0 0 0 0 0 0 0
w -672 -608 -848 -608 0
w -848 -576 -656 -576 0
w -640 -544 -848 -544 0
w -848 -512 -624 -512 0
w -608 -480 -848 -480 0
w -848 -448 -592 -448 0
w -576 -416 -848 -416 0
w -848 -384 -560 -384 0
w -544 -352 -848 -352 0
w -848 -320 -528 -320 0
w -512 -288 -848 -288 0
w -848 -256 -496 -256 0
d -1456 -224 -1424 -224 2 default
R -1552 -288 -1616 -288 0 0 40 5 0 0 0.5
w -1584 -640 -1584 -400 0
I -1584 -400 -1584 -336 0 0.5 5
w -1584 -256 -1552 -256 0
w -1584 -336 -1584 -256 0
w -1632 -224 -1552 -224 0
155 -1552 -288 -1520 -288 2 0
w -1424 -224 -1024 -224 0
w -1632 -640 -1584 -640 0
s -1696 -224 -1632 -224 0 1 true
R -1696 -224 -1744 -224 0 0 40 5 0 0 0.5
s -1696 -640 -1632 -640 0 1 false
w -1584 -640 -992 -640 0
R -1696 -640 -1744 -640 0 2 1000 5 0 0 0.5
I -992 -640 -944 -640 0 0.5 5
I -1024 -224 -944 -224 0 0.5 5
R -944 -144 -992 -144 0 0 40 5 0 0 0.5
w -848 -144 -944 -144 0
w -848 -192 -848 -144 0
w -944 -192 -944 -144 0
w -848 -224 -816 -224 0
I -816 -160 -816 -224 0 0.5 5
w -944 -256 -1040 -256 0
w -944 -288 -1056 -288 0
w -944 -320 -1072 -320 0
w -944 -352 -1088 -352 0
w -944 -384 -1104 -384 0
w -944 -416 -1120 -416 0
w -944 -448 -1136 -448 0
w -944 -480 -1152 -480 0
w -944 -512 -1168 -512 0
w -944 -544 -1184 -544 0
w -944 -576 -1200 -576 0
w -944 -608 -1216 -608 0
w 320 240 -1216 240 0
w -1216 -608 -1216 240 0
w 336 272 -1200 272 0
w 352 304 -1184 304 0
w -1168 336 368 336 0
w 384 368 -1152 368 0
w -1136 400 400 400 0
w 416 432 -1120 432 0
w -1104 464 432 464 0
w 448 496 -1088 496 0
w -1072 528 464 528 0
w 480 560 -1056 560 0
w -1040 592 496 592 0
w -1200 -576 -1200 272 0
w -1168 -512 -1168 336 0
w -1184 -544 -1184 304 0
w -1120 -416 -1120 432 0
w -1104 -384 -1104 464 0
w -1136 -448 -1136 400 0
w -1152 -480 -1152 368 0
w -1056 -288 -1056 560 0
w -1040 -256 -1040 592 0
w -1072 -320 -1072 528 0
w -1088 -352 -1088 496 0
w 3280 848 3280 640 0
w 3280 640 2976 640 0
w 2976 640 2976 288 0
w 2976 -224 2960 -224 0
422 3184 288 3136 288 0 0 2.5 5
d 3136 288 3104 288 2 default
w 2976 288 2976 -192 0
w 3104 288 2976 288 0
w 3184 288 3200 288 0
w 656 208 656 656 0
w 656 656 -224 656 0
w -224 656 -224 224 0
w -816 -160 -816 224 0
w -816 224 -224 224 0
d 688 656 656 656 2 default
w 672 -1168 672 -224 0
d 672 -224 672 -192 2 default
w 672 -192 672 208 0
w 672 208 656 208 0
150 768 656 688 656 0 2 0 5
w 656 624 768 624 0
w 768 624 768 640 0
w 768 624 880 624 0
w 880 624 880 -1136 0
w 880 -640 864 -640 0
w 864 -640 864 -1328 0
I 1008 -640 1072 -640 0 0.5 5
w 1072 -640 1440 -640 0
w 1008 -640 1008 -1296 0
w 2976 -224 2976 -192 0
d 2928 -192 2976 -192 2 default
422 2800 -208 2848 -208 0 0 2.5 5
w 2848 -208 2848 -192 0
w 2848 -192 2928 -192 0
w 2800 -208 2080 -208 0
w 2080 -208 2080 -672 0
w 2080 -672 1072 -672 0
w 1072 -672 1072 -640 0
w 656 -1056 656 -208 0
w 656 -208 304 -208 0
w 304 -208 304 224 0
w -16 160 -16 224 0
w -16 224 304 224 0
w 3968 1936 3968 -1088 0
w 3504 1936 3968 1936 0
w 3504 1936 3504 1744 0
w 2256 1824 2256 752 0
w 2256 752 1568 752 0
w 768 672 1568 672 0
w 1568 672 1568 752 0
w 3504 1744 3520 1744 0
w 2992 592 2992 -1184 0
w 3200 288 3200 -1216 0
R -480 -768 -528 -768 0 0 40 5 0 0 0.5
w -992 -1360 -992 -816 0
w -992 -816 -480 -816 0
w -992 -720 -992 -816 0
w -1024 -224 -1024 -1392 0
162 1440 1280 1376 1280 2 default-led 1 0 0 0.01
162 1440 1312 1376 1312 2 default-led 1 0 0 0.01
162 1440 1376 1376 1376 2 default-led 1 0 0 0.01
162 1440 1344 1376 1344 2 default-led 1 0 0 0.01
162 1440 1472 1376 1472 2 default-led 1 0 0 0.01
162 1440 1504 1376 1504 2 default-led 1 0 0 0.01
162 1440 1440 1376 1440 2 default-led 1 0 0 0.01
162 1440 1408 1376 1408 2 default-led 1 0 0 0.01
162 1440 1600 1376 1600 2 default-led 1 0 0 0.01
162 1440 1632 1376 1632 2 default-led 1 0 0 0.01
162 1440 1568 1376 1568 2 default-led 1 0 0 0.01
162 1440 1536 1376 1536 2 default-led 1 0 0 0.01
w 1376 1280 1376 1312 0
w 1376 1312 1376 1344 0
w 1376 1344 1376 1376 0
w 1376 1376 1376 1408 0
w 1376 1408 1376 1440 0
w 1376 1440 1376 1472 0
w 1376 1472 1376 1504 0
w 1376 1504 1376 1536 0
w 1376 1536 1376 1568 0
w 1376 1568 1376 1600 0
w 1376 1600 1376 1632 0
g 1376 1632 1376 1664 0 0
d 2864 -608 2816 -608 2 default
d 2864 -576 2816 -576 2 default
d 2864 -512 2816 -512 2 default
d 2864 -544 2816 -544 2 default
d 2864 -416 2816 -416 2 default
d 2864 -384 2816 -384 2 default
d 2864 -448 2816 -448 2 default
d 2864 -480 2816 -480 2 default
d 2864 -288 2816 -288 2 default
d 2864 -256 2816 -256 2 default
d 2864 -320 2816 -320 2 default
d 2864 -352 2816 -352 2 default
w 2144 592 2064 592 0
w 2144 560 2048 560 0
w 2144 528 2032 528 0
w 2144 496 2016 496 0
w 2144 464 2000 464 0
w 2144 432 1984 432 0
w 2144 400 1968 400 0
w 2144 368 1952 368 0
w 2144 336 1936 336 0
w 2144 304 1920 304 0
w 2144 272 1904 272 0
w 2144 240 1888 240 0
w 1536 1632 2064 1632 0
w 1536 1600 2048 1600 0
w 2032 1568 1536 1568 0
w 1536 1536 2016 1536 0
w 1536 1504 2000 1504 0
w 1536 1472 1984 1472 0
w 1536 1440 1968 1440 0
w 1536 1408 1952 1408 0
w 1536 1376 1936 1376 0
w 1536 1344 1920 1344 0
w 1536 1312 1904 1312 0
w 1536 1280 1888 1280 0
w 1888 240 1888 864 0
w 1904 896 1904 272 0
w 1936 960 1936 336 0
w 1920 304 1920 928 0
w 1984 432 1984 1056 0
w 2000 1088 2000 464 0
w 1968 1024 1968 400 0
w 1952 368 1952 992 0
w 2048 560 2048 1184 0
w 2064 1216 2064 592 0
w 2032 1152 2032 528 0
w 2016 496 2016 1120 0
w 1888 864 1888 1280 0
w 1904 896 1904 1312 0
w 1920 1344 1920 928 0
w 1936 960 1936 1376 0
w 2000 1088 2000 1504 0
w 1984 1472 1984 1056 0
w 1968 1024 1968 1440 0
w 1952 992 1952 1408 0
w 2064 1216 2064 1632 0
w 2048 1600 2048 1184 0
w 2032 1152 2032 1568 0
w 2016 1120 2016 1536 0
422 1760 176 1760 224 0 0 2.5 5
422 -992 -640 -992 -720 0 0 2.5 5
x 1371 840 1454 843 4 24 Buffer\s3
x 1366 1262 1449 1265 4 24 Buffer\s4
x 1459 -686 1512 -683 4 24 RAM
x 2073 -183 2156 -180 4 24 Buffer\s1
x 2070 234 2153 237 4 24 Buffer\s2
x 2777 218 2841 221 4 24 Adder
x 4007 515 4079 518 4 24 Shift\sR
x 4014 1048 4083 1051 4 24 Shift\sF
x 4019 1556 4056 1559 4 24 Not
w 3344 320 3248 320 0
w 3248 848 3248 320 0
w 3312 352 3264 352 0
w 3264 352 3264 864 0
w 3264 864 2224 864 0
w 2224 864 2224 784 0
w 3248 848 2240 848 0
w 2240 848 2240 768 0
w 2240 768 1552 768 0
w 2224 784 1536 784 0
w 1536 784 1536 448 0
w 1552 768 1552 464 0
w 1552 464 1504 464 0
w 1536 448 1472 448 0
